000000400082
000000428111
000000200162
000000257896
000000066817
000000163118
000000089078
000000270908
000000249180
000000402765
000000172649
000000313182
000000527960
000000089697
000000134034
000000018491
000000121031
000000070048
000000478474
000000303305
000000155179
000000118405
000000490171
000000579091
000000081061
000000206994
000000280779
000000242724
000000062692
000000015497
000000384670
000000359540
000000311518
000000480985
000000212895
000000194471
000000079837
000000357748
000000521141
000000094944
000000407518
000000352618
000000276024
000000276804
000000168330
000000396274
000000068933
000000355677
000000000632
000000554735
000000294163
000000104803
000000157098
000000511647
000000276707
000000257169
000000474881
000000431727
000000439623
000000058705
000000031269
000000131556
000000447917
000000261732
000000227686
000000577584
000000193429
000000386879
000000545129
000000008277
000000427034
000000012667
000000325991
000000152465
000000179653
000000295478
000000347370
000000213935
000000351609
000000579655
000000364587
000000113867
000000159684
000000451714
000000470121
000000287649
000000046252
000000167128
000000311883
000000002153
000000221291
000000090208
000000215778
000000066706
000000074457
000000335081
000000464786
000000276720
000000376310
000000001761
000000110884
000000087875
000000310980
000000054592
000000178744
000000472375
000000011760
000000080274
000000374727
000000341828
000000469192
000000562229
000000451155
000000424642
000000537812
000000032081
000000370478
000000448810
000000047571
000000574520
000000133244
000000181969
000000161008
000000174231
000000002473
000000148783
000000323751
000000252776
000000377575
000000312213
000000023781
000000369323
000000423506
000000001296
000000127476
000000064462
000000415238
000000129945
000000409542
000000560312
000000206025
000000309391
000000021879
000000574315
000000157807
000000090003
000000226111
000000394328
000000408120
000000566282
000000544519
000000354547
000000465675
000000320632
000000376625
000000125952
000000193717
000000249643
000000341973
000000249025
000000006040
000000369503
000000038576
000000390902
000000309655
000000031620
000000544605
000000042563
000000003255
000000315219
000000006894
000000175443
000000380711
000000086483
000000494427
000000186422
000000500270
000000069356
000000038070
000000400044
000000464689
000000008844
000000161128
000000294831
000000229753
000000162366
000000018770
000000533145
000000574425
000000177539
000000260925
000000378284
000000121242
000000535858
000000069795
000000111179
000000288762
000000318908
000000017178
000000273617
000000167122
000000463542
000000032811
000000223959
000000534673
000000489924
000000290768
000000434247
000000402519
000000051938
000000469246
000000271997
000000228981
000000405432
000000077460
000000306437
000000250758
000000317433
000000499313
000000417465
000000575372
000000541664
000000013004
000000127263
000000416170
000000177935
000000481159
000000138954
000000198960
000000536343
000000297353
000000044699
000000410487
000000291551
000000263679
000000216636
000000563653
000000295809
000000102644
000000002587
000000053626
000000121417
000000051610
000000005503
000000449909
000000500826
000000493772
000000158227
000000262487
000000177383
000000568213
000000335328
000000188465
000000200839
000000144984
000000050145
000000189698
000000519491
000000149568
000000498807
000000095069
000000019221
000000475365
000000175251
000000231169
000000394611
000000256941
000000529105
000000395633
000000171788
000000327769
000000034205
000000252219
000000273232
000000428454
000000381971
000000310622
000000154425
000000475904
000000108026
000000569825
000000417779
000000185157
000000088269
000000121591
000000251572
000000451043
000000475779
000000343076
000000319100
000000450100
000000099054
000000338532
000000560266
000000209972
000000441586
000000328601
000000353051
000000515982
000000389684
000000462643
000000520871
000000199442
000000426253
000000296224
000000324715
000000203317
000000493799
000000248752
000000126107
000000106048
000000224051
000000063047
000000017031
000000131386
000000079969
000000300233
000000188592
000000284279
000000332455
000000353518
000000460379
000000438304
000000022969
000000497568
000000043314
000000433374
000000186624
000000057244
000000541634
000000281032
000000329827
000000211120
000000461751
000000167240
000000203864
000000292997
000000025393
000000267940
000000568147
000000565877
000000463802
000000365098
000000187249
000000532530
000000502599
000000110282
000000135604
000000053994
000000041633
000000085682
000000034873
000000161820
000000475191
000000541123
000000217948
000000571264
000000308193
000000466567
000000304291
000000286422
000000455085
000000089880
000000244379
000000311081
000000443426
000000080273
000000372819
000000198805
000000094326
000000456865
000000535094
000000540466
000000414034
000000300913
000000483050
000000334767
000000561009
000000213171
000000047121
000000567197
000000098716
000000154339
000000409358
000000347265
000000159791
000000577149
000000316666
000000492937
000000382743
000000088218
000000116589
000000449603
000000020553
000000414340
000000168458
000000335954
000000270402
000000260105
000000552883
000000355169
000000154705
000000416256
000000430048
000000303499
000000343315
000000008021
000000057672
000000400922
000000270677
000000250766
000000068765
000000537053
000000474344
000000377814
000000221017
000000345941
000000136600
000000354072
000000512248
000000572388
000000338718
000000034139
000000452891
000000251119
000000212453
000000508602
000000432898
000000082807
000000101068
000000347456
000000302107
000000572303
000000370999
000000086220
000000261706
000000496954
000000577959
000000509719
000000028449
000000239274
000000216516
000000080022
000000000872
000000355817
000000348243
000000279714
000000128699
000000340015
000000333237
000000053909
000000370375
000000553788
000000345397
000000180188
000000577862
000000185599
000000524850
000000013291
000000187585
000000061960
000000412887
000000336628
000000066635
000000521282
000000516173
000000343149
000000511453
000000193674
000000238013
000000484296
000000456662
000000486046
000000272416
000000531495
000000012120
000000504439
000000227765
000000532071
000000127135
000000537153
000000516318
000000166563
000000021465
000000530146
000000163155
000000466602
000000139260
000000489305
000000262587
000000016598
000000163290
000000284296
000000345261
000000301563
000000079031
000000334006
000000165500
000000025593
000000417911
000000564127
000000084170
000000373315
000000284743
000000424545
000000013597
000000153299
000000255912
000000441442
000000384808
000000081988
000000358195
000000243344
000000327306
000000331569
000000520324
000000485071
000000444275
000000047585
000000153510
000000079408
000000057238
000000017379
000000118594
000000084431
000000050326
000000288430
000000284991
000000344795
000000489014
000000162732
000000319721
000000308466
000000519688
000000479099
000000424551
000000229216
000000390826
000000203294
000000501023
000000499031
000000079651
000000063965
000000047819
000000288391
000000170191
000000515445
000000348045
000000073153
000000349860
000000141597
000000275058
000000522751
000000240940
000000474854
000000550426
000000311295
000000339823
000000166768
000000187271
000000528980
000000082180
000000550939
000000020571
000000042070
000000390246
000000244099
000000426166
000000238039
000000435205
000000207306
000000448448
000000471991
000000359135
000000479912
000000304396
000000157138
000000309173
000000284623
000000314182
000000154213
000000010764
000000056344
000000119233
000000546556
000000360960
000000454404
000000348881
000000003661
000000334977
000000239041
000000493566
000000521231
000000051598
000000334521
000000239318
000000410735
000000327592
000000088485
000000342971
000000340272
000000560911
000000531135
000000433515
000000330554
000000199395
000000168619
000000078404
000000122046
000000057725
000000396580
000000445658
000000099053
000000403122
000000476491
000000366225
000000344268
000000001503
000000327605
000000278006
000000423971
000000451144
000000472623
000000353096
000000354753
000000490470
000000138492
000000395903
000000205105
000000032941
000000296231
000000322844
000000156372
000000034417
000000509735
000000166391
000000001425
000000561366
000000287667
000000447200
000000509008
000000139872
000000012639
000000459272
000000015278
000000573258
000000512403
000000044195
000000235064
000000533958
000000451879
000000421455
000000463283
000000056288
000000225670
000000286907
000000579818
000000482487
000000507893
000000263463
000000482970
000000085478
000000549167
000000510329
000000089670
000000148957
000000161032
000000124798
000000033114
000000331075
000000395343
000000313588
000000071451
000000333069
000000555705
000000384350
000000314264
000000289702
000000378605
000000502168
000000359219
000000309495
000000340930
000000565597
000000375469
000000367818
000000513181
000000127955
000000289417
000000216739
000000239347
000000127530
000000131273
000000205333
000000529762
000000198510
000000526103
000000135902
000000103585
000000231549
000000543528
000000357941
000000358427
000000434297
000000329614
000000509403
000000022589
000000460160
000000501243
000000376365
000000406570
000000504711
000000348216
000000260106
000000504635
000000309452
000000396568
000000009448
000000472298
000000077595
000000401991
000000474039
000000344059
000000065485
000000269314
000000380203
000000359855
000000338625
000000230008
000000335658
000000132116
000000284762
000000186042
000000511321
000000223955
000000288042
000000314541
000000550797
000000145591
000000043737
000000451090
000000176701
000000193162
000000565624
000000200152
000000464144
000000363875
000000253835
000000054931
000000109055
000000405972
000000264441
000000451150
000000329542
000000205401
000000573943
000000175387
000000333402
000000502136
000000368335
000000478721
000000110721
000000480944
000000301061
000000303863
000000504580
000000326542
000000166287
000000551304
000000005060
000000317999
000000286458
000000427055
000000214224
000000455301
000000109900
000000067310
000000401250
000000308430
000000336658
000000355257
000000230362
000000338428
000000003501
000000068078
000000033005
000000193348
000000071711
000000125072
000000321887
000000265518
000000378139
000000519039
000000383386
000000029675
000000386134
000000041635
000000161799
000000170278
000000370208
000000508586
000000429718
000000119445
000000255718
000000028285
000000006723
000000176037
000000152686
000000320490
000000185250
000000487583
000000110638
000000120777
000000283318
000000342397
000000244496
000000387383
000000402096
000000383838
000000372203
000000000885
000000420230
000000338191
000000002532
000000517832
000000362716
000000186282
000000020107
000000162035
000000452515
000000498709
000000026926
000000152120
000000243148
000000352760
000000356125
000000576955
000000118921
000000157046
000000362434
000000378454
000000062554
000000502347
000000312340
000000569700
000000263969
000000058350
000000007991
000000379332
000000079588
000000031118
000000073118
000000442993
000000201676
000000546823
000000397327
000000022479
000000556158
000000267670
000000337987
000000434479
000000500049
000000047801
000000093154
000000255747
000000123131
000000544444
000000172856
000000447314
000000377113
000000365208
000000377497
000000452084
000000192964
000000325306
000000466339
000000511384
000000201646
000000460967
000000037988
000000078426
000000119516
000000374369
000000028452
000000440336
000000443844
000000117197
000000098261
000000159977
000000392228
000000413552
000000245026
000000429623
000000468577
000000311789
000000372349
000000400794
000000259097
000000279769
000000051326
000000095155
000000259382
000000561889
000000119088
000000037689
000000318114
000000480842
000000389933
000000333956
000000344611
000000104612
000000108495
000000205834
000000248334
000000251065
000000292415
000000298904
000000222455
000000218424
000000176634
000000023937
000000382122
000000004795
000000456559
000000132587
000000441286
000000239857
000000030785
000000406129
000000110449
000000459757
000000011197
000000493286
000000404128
000000000724
000000351589
000000371552
000000560178
000000455352
000000466416
000000565989
000000214192
000000312406
000000094336
000000579321
000000565153
000000416269
000000002923
000000512776
000000115898
000000381639
000000414261
000000183965
000000022935
000000014473
000000572517
000000145665
000000130566
000000361621
000000023023
000000173183
000000504389
000000138819
000000236308
000000414676
000000491130
000000179765
000000433192
000000332318
000000312549
000000522713
000000185950
000000466835
000000399462
000000257624
000000482275
000000213830
000000578545
000000236166
000000458109
000000391375
000000312192
000000369081
000000570756
000000121673
000000067534
000000523782
000000342367
000000224222
000000164637
000000414638
000000005600
000000357742
000000131131
000000200667
000000328337
000000036678
000000015956
000000038210
000000482477
000000197658
000000360137
000000060835
000000180383
000000377000
000000512330
000000071756
000000518213
000000514540
000000230166
000000245513
000000153217
000000113354
000000089045
000000509014
000000272136
000000410428
000000370677
000000162130
000000311928
000000444142
000000309467
000000123585
000000383384
000000555012
000000163258
000000089271
000000196185
000000522393
000000166642
000000054123
000000378099
000000068833
000000392818
000000327780
000000041888
000000302990
000000342186
000000417285
000000181499
000000447522
000000084477
000000402473
000000356498
000000513524
000000445365
000000175535
000000129113
000000571943
000000050828
000000153782
000000010995
000000229553
000000433243
000000184338
000000059920
000000245651
000000272212
000000357238
000000020059
000000267169
000000485027
000000414385
000000157756
000000089761
000000370818
000000046804
000000542127
000000568981
000000476770
000000012280
000000032570
000000450075
000000239773
000000497867
000000458992
000000051008
000000120584
000000090284
000000338901
000000302882
000000308587
000000385190
000000505573
000000246454
000000137950
000000467776
000000459195
000000305695
000000371042
000000066561
000000323709
000000374551
000000429530
000000429011
000000502910
000000008762
000000361142
000000399560
000000289222
000000116206
000000098497
000000229311
000000113051
000000286507
000000170613
000000160772
000000251537
000000427997
000000267946
000000269942
000000406417
000000142092
000000071938
000000440508
000000554595
000000222825
000000083172
000000149375
000000231097
000000080153
000000093965
000000234807
000000333697
000000162581
000000159399
000000090155
000000051961
000000227985
000000544811
000000547519
000000101022
000000000802
000000210388
000000138115
000000233567
000000447789
000000209753
000000205324
000000231237
000000434548
000000121586
000000343453
000000233727
000000318138
000000235784
000000165039
000000557916
000000493334
000000533493
000000031322
000000454978
000000578792
000000154644
000000140203
000000535608
000000248631
000000099810
000000151629
000000183437
000000351559
000000532855
000000353027
000000176847
000000009378
000000374982
000000389197
000000369771
000000027982
000000264535
000000049091
000000462031
000000336209
000000178618
000000261888
000000046497
000000078170
000000352584
000000166165
000000068387
000000471023
000000411665
000000176606
000000148730
000000146825
000000173383
000000261796
000000345027
000000447342
000000345469
000000442306
000000142790
000000400573
000000322944
000000393226
000000426372
000000010583
000000020992
000000173033
000000455267
000000138550
000000084664
000000562443
000000269316
000000299720
000000275392
000000320706
000000078420
000000234607
000000454798
000000076468
000000102331
000000039484
000000464872
000000342295
000000237118
000000351362
000000144784
000000535156
000000131431
000000403817
000000209747
000000423519
000000122217
000000289393
000000407868
000000301981
000000417043
000000169356
000000544565
000000178982
000000267351
000000353970
000000080057
000000006614
000000369675
000000051712
000000052891
000000552902
000000236412
000000312278
000000293324
000000579307
000000346905
000000139883
000000534601
000000268375
000000273715
000000488270
000000195045
000000060770
000000064495
000000370900
000000025228
000000434230
000000517687
000000222991
000000466986
000000315450
000000331604
000000542776
000000366178
000000563349
000000523194
000000312237
000000015746
000000509258
000000274066
000000231088
000000505638
000000554156
000000463037
000000273420
000000008899
000000387387
000000263644
000000153797
000000146489
000000105335
000000015660
000000352582
000000430377
000000265108
000000455448
000000535306
000000506454
000000559160
000000263594
000000429761
000000525286
000000036861
000000088250
000000185292
000000078032
000000484415
000000502737
000000130386
000000576052
000000407646
000000161397
000000184400
000000390301
000000275727
000000292060
000000540928
000000199551
000000367195
000000106912
000000429281
000000177714
000000240023
000000274687
000000096825
000000115885
000000159311
000000148662
000000115118
000000503841
000000197004
000000076731
000000513484
000000361730
000000172977
000000291619
000000078915
000000098392
000000164969
000000432468
000000354307
000000570448
000000116825
000000226130
000000581317
000000095899
000000512194
000000325031
000000324158
000000007818
000000477955
000000157847
000000165713
000000394275
000000490515
000000142472
000000368752
000000422886
000000453981
000000347174
000000561256
000000067180
000000289516
000000087038
000000260266
000000004395
000000311190
000000184324
000000033759
000000271402
000000136466
000000224200
000000581062
000000375078
000000286708
000000104119
000000184791
000000490413
000000389812
000000549136
000000495448
000000058655
000000368038
000000013201
000000210915
000000558421
000000410934
000000334719
000000125211
000000217425
000000106563
000000245320
000000536038
000000435299
000000347544
000000383606
000000414673
000000382088
000000438017
000000076417
000000104572
000000560279
000000122672
000000243034
000000559707
000000384136
000000455555
000000328430
000000341094
000000254016
000000195842
000000032735
000000493613
000000084752
000000324818
000000056545
000000394510
000000138979
000000377882
000000407960
000000521956
000000541291
000000500716
000000133631
000000081394
000000211674
000000261161
000000278749
000000248810
000000491757
000000395180
000000031749
000000348012
000000530099
000000223789
000000570539
000000061747
000000199681
000000136033
000000506004
000000234660
000000286994
000000074646
000000049761
000000225405
000000009483
000000374545
000000491613
000000180878
000000471789
000000286849
000000391648
000000179265
000000485972
000000441468
000000261036
000000151657
000000368294
000000276434
000000399655
000000495054
000000006818
000000546659
000000395575
000000527220
000000168974
000000154947
000000164602
000000000785
000000530820
000000372307
000000562581
000000109441
000000152214
000000228771
000000281754
000000349594
000000579900
000000479732
000000188439
000000438269
000000519338
000000261097
000000561679
000000025181
000000030504
000000191471
000000521405
000000388215
000000425702
000000252701
000000040036
000000158548
000000130586
000000297022
000000320664
000000472030
000000551794
000000442480
000000363072
000000193245
000000488736
000000228942
000000347930
000000060102
000000114871
000000268996
000000542423
000000421757
000000079144
000000030675
000000427338
000000128051
000000408112
000000546011
000000027186
000000226408
000000376900
000000132931
000000513688
000000018519
000000225946
000000404479
000000409198
000000232244
000000464522
000000068628
000000079229
000000078565
000000226154
000000007977
000000165518
000000518326
000000261535
000000457848
000000191761
000000199236
000000223130
000000170595
000000300842
000000101420
000000422836
000000334371
000000127092
000000376206
000000144706
000000013177
000000322829
000000183104
000000486040
000000119677
000000403565
000000545958
000000226883
000000485480
000000024021
000000350002
000000047828
000000269196
000000326128
000000229221
000000319617
000000493864
000000212072
000000463174
000000502732
000000023751
000000254368
000000531771
000000038825
000000093261
000000068286
000000297830
000000435206
000000093717
000000405306
000000307658
000000311909
000000321118
000000243495
000000315257
000000459809
000000127494
000000314177
000000404923
000000243626
000000048564
000000154087
000000030494
000000552775
000000234413
000000404601
000000126216
000000406611
000000269113
000000067896
000000163562
000000442746
000000279774
000000127660
000000440171
000000458755
000000152870
000000409475
000000566758
000000135670
000000365207
000000100489
000000253433
000000261318
000000509699
000000107851
000000299609
000000066523
000000455981
000000207585
000000425226
000000147498
000000232649
000000460929
000000416745
000000109916
000000228144
000000123321
000000569273
000000526706
000000445999
000000119038
000000258793
000000323895
000000547383
000000100283
000000197528
000000394559
000000566042
000000046872
000000489611
000000290081
000000117719
000000326627
000000082846
000000571008
000000458255
000000267933
000000138639
000000450559
000000567825
000000363784
000000095786
000000557172
000000491683
000000262895
000000190140
000000234779
000000063552
000000134322
000000501005
000000206411
000000464824
000000289938
000000575081
000000297427
000000217614
000000508639
000000105264
000000295231
000000153632
000000005586
000000086755
000000116479
000000151962
000000128748
000000104424
000000468124
000000496571
000000104198
000000117525
000000025139
000000134856
000000227491
000000109798
000000443303
000000296284
000000562843
000000194506
000000073946
000000149222
000000039914
000000098839
000000045472
000000247806
000000384513
000000305317
000000133418
000000349678
000000014888
000000170116
000000465430
000000338219
000000027696
000000017714
000000310072
000000297343
000000013348
000000437514
000000214753
000000453841
000000011615
000000420281
000000240754
000000122969
000000581357
000000361268
000000372577
000000543300
000000157365
000000430871
000000330369
000000078843
000000314251
000000176232
000000397351
000000516601
000000057760
000000173044
000000564280
000000035326
000000016502
000000316054
000000253695
000000172330
000000225532
000000144932
000000296317
000000553221
000000478286
000000439290
000000009769
000000189226
000000404191
000000546475
000000551804
000000232489
000000253386
000000578967
000000107087
000000244411
000000171611
000000058111
000000281447
000000217219
000000016451
000000507667
000000581615
000000255749
000000151662
000000133087
000000022371
000000119911
000000290248
000000099428
000000223747
000000379842
000000384949
000000321557
000000178028
000000055299
000000565962
000000156292
000000364884
000000128112
000000445439
000000023126
000000133343
000000125405
000000308476
000000036660
000000129756
000000331317
000000362520
000000241602
000000500477
000000410878
000000212559
000000150265
000000545007
000000121153
000000359781
000000346707
000000450758
000000311303
000000459467
000000247838
000000386457
000000335177
000000507223
000000479596
000000181859
000000394199
000000053505
000000537241
000000407650
000000471756
000000145781
000000393115
000000117744
000000018575
000000524280
000000393014
000000505565
000000554838
000000073326
000000357567
000000007511
000000332901
000000293245
000000581206
000000350023
000000266892
000000215114
000000491725
000000402992
000000417876
000000249550
000000082986
000000431896
000000155341
000000310862
000000266082
000000442009
000000319607
000000165336
000000439426
000000424975
000000499622
000000094157
000000190648
000000263403
000000473118
000000571857
000000506279
000000442661
000000439773
000000020247
000000136334
000000577539
000000306136
000000003156
000000023359
000000574810
000000410510
000000289960
000000419096
000000194940
000000101762
000000375493
000000008532
000000182155
000000349837
000000080671
000000492992
000000502229
000000360951
000000215245
000000259854
000000221754
000000015079
000000434996
000000236845
000000203546
000000407083
000000290179
000000210099
000000407298
000000459887
000000122606
000000191672
000000343934
000000111207
000000440617
000000372466
000000198915
000000248980
000000255824
000000223188
000000562059
000000555050
000000516804
000000436738
000000537672
000000050638
000000315187
000000179285
000000192699
000000022705
000000307172
000000216296
000000347335
000000433915
000000257865
000000149622
000000273712
000000559547
000000125572
000000172547
000000140583
000000055528
000000565778
000000396200
000000064898
000000297698
000000273642
000000341719
000000474452
000000100510
000000324927
000000017182
000000129322
000000537964
000000104603
000000399764
000000430973
000000285788
000000267903
000000288062
000000125472
000000284698
000000011813
000000507015
000000365385
000000199310
000000218249
000000113403
000000391290
000000151051
000000570169
000000291664
000000114884
000000174482
000000474164
000000029640
000000207538
000000407403
000000230983
000000073533
000000263860
000000252507
000000451571
000000034452
000000284282
000000296634
000000476415
000000001584
000000357459
000000088345
000000516871
000000028809
000000292330
000000489339
000000471567
000000549674
000000257566
000000438876
000000170099
000000290293
000000366611
000000325114
000000356261
000000478420
000000503755
000000548267
000000478393
000000113235
000000064718
000000179214
000000045728
000000252216
000000205776
000000270066
000000130465
000000241668
000000544052
000000190676
000000112626
000000003553
000000269632
000000149406
000000108503
000000314034
000000231339
000000266409
000000082715
000000061584
000000303713
000000421834
000000017029
000000037670
000000155291
000000387916
000000485130
000000105249
000000405205
000000070229
000000273493
000000563470
000000272148
000000360393
000000525155
000000192607
000000186637
000000562197
000000161875
000000048924
000000384666
000000052507
000000246883
000000575500
000000105455
000000469828
000000202228
000000125245
000000205289
000000294855
000000211069
000000124975
000000344909
000000220764
000000199977
000000350405
000000198489
000000251824
000000488385
000000448365
000000516038
000000500613
000000043816
000000357081
000000575205
000000302760
000000460927
000000126592
000000042628
000000045596
000000146363
000000407002
000000177357
000000220310
000000557501
000000192191
000000510095
000000563281
000000003845
000000190307
000000163314
000000310200
000000480212
000000120572
000000091921
000000467848
000000018833
